r1realtime	Rater 1	0.99694	0.994	0.998	2	0
r2realtime	Rater 2	0.9841527	0.727	0.996	2	0
r3realtime	Rater 3	0.874539	0.416	0.956	2	0
r1halftime	Rater 1	0.9988503	0.998	0.999	5	0.8
r2halftime	Rater 2	0.9872286	0.845	0.996	5	0
r3halftime	Rater 3	0.946196	0.745	0.981	5	0
sniff0mm	0 mm	0.3623366	-0.053	0.651	7	0.8
sniff2mm	2 mm	0.8905642	0.624	0.956	7	0
sniff3mm	3 mm	0.9653327	0.914	0.984	7	0
sniff4mm	4 mm	0.9793739	0.961	0.989	7	0
sniff5mm	5 mm	0.962617	0.908	0.983	7	0
sniff6mm	6 mm	0.9228048	0.698	0.97	7	0
sniff8mm	8 mm	0.8842532	0.498	0.958	7	0
sniff10mm	10 mm	0.937675	0.881	0.967	7	0
sniff12mm	12 mm	0.9167098	0.815	0.96	7	0
sniff13mm	13 mm	0.9045708	0.767	0.956	7	0
sniff14mm	14 mm	0.8684812	0.647	0.942	7	0
sniff15mm	15 mm	0.8495816	0.584	0.935	7	0
sniff16mm	16 mm	0.8345092	0.534	0.929	7	0
sniff18mm	18 mm	0.7877646	0.411	0.909	7	0
xnear10mm	10 mm	0.02554164	-0.13	0.227	3	0.8
xnear20mm	20 mm	0.5596969	0.289	0.744	3	0
xnear30mm	30 mm	0.6685611	0.386	0.824	3	0
xnear40mm	40 mm	0.5573314	-0.032	0.812	3	0
xnear50mm	50 mm	0.4286766	-0.099	0.743	3	0
xnear60mm	60 mm	0.2517463	-0.1	0.578	3	0
xnear70mm	70 mm	0.1932097	-0.091	0.505	3	0
